XGB: 0.789750 (0.001652)
XT: 0.806271 (0.000997)
KN: 0.764617 (0.005428)
GNB: 0.015392 (0.014900)
RF: 0.806931 (0.001743)
DT: 0.806192 (0.000859)
MLP: 0.707741 (0.001602)
LSVC: 0.574188 (0.081162)
LSVC-N: 0.725997 (0.001311)
SGD: 0.578564 (0.122483)
SGD-N: 0.722322 (0.000569)