== First 50k entries ==

XGB: 0.326580 (0.054806)
XT: 0.198520 (0.109116)
KN: 0.173240 (0.120068)
RF: 0.201720 (0.100737)
DT: 0.246340 (0.065428)
MLP: 0.505700 (0.105273)
LSVC: 0.526260 (0.184431) - had a few did not converges, try again with more its?
LSVC-N: 0.316360 (0.114244)
SGD: 0.641660 (0.040894)
SGD-N: 0.396640 (0.101953)




== Full data ==

XGB: 0.441441 (0.098160)
XT: 0.398903 (0.099066)
KN: 0.430808 (0.082546)
RF: 0.456035 (0.045351)
DT: 0.342587 (0.025978)
MLP: 0.642709 (0.051541)
LSVC: 0.462682 (0.165098) - had a few did not converges
LSVC-N: 0.520195 (0.102106)
SGD: 0.596353 (0.095015)
SGD-N: 0.562357 (0.084076)